Matrix A:
│ 3  5  1 -2│
│ 6  3 -6 10│
│ 6 10  8  0│
│-2  0  9  4│
Matrix B:
│-6  6 -9 -7│
│ 4 -7 -3 -5│
│-8  1  1  9│
│ 2 -6  3  6│
Matrix TA:
│ 3  6  6 -2│
│ 5  3 10  0│
│ 1 -6  8  9│
│-2 10  0  4│
Matrix TB:
│-6  4 -8  2│
│ 6 -7  1 -6│
│-9 -3  1  3│
│-7 -5  9  6│
Matrix AB:
│-10  -4 -47 -49│
│ 44 -51 -39 -51│
│-60 -26 -76 -20│
│-52 -27  39 119│
Matrix TATB:
│ -22 -38 -30 -24│
│-102 -31 -27  22│
│-177 -23  75 116│
│  44 -98  62 -40│
Matrix AB - TATB:
│ 12  34  -17  -25│
│146 -20  -12  -73│
│117  -3 -151 -136│
│-96  71  -23  159│